inputFreq	CFEAmp	CFEPhase,fullAmp	fullPhase	expAmp	expPhase	recAmp	recPhase	shiftAvgAmp1	shiftAvgPhase1	shiftAvgAmp2	shiftAvgPhase2	shiftAvgAmp3	shiftAvgPhase3	shiftAvgAmp4	shiftAvgPhase4	shiftAvgAmp5	shiftAvgPhase5	shiftAvgAmp6	shiftAvgPhase6
0.0500	0.0128	0.1852	0	0	36.2291	179.9510	31.2658	0.0065	35.5045	0.0045	7.1351	0.1262	0.5232	46.7670	0.5231	46.7482	7.1351	0.1262	0.5232	46.7670
0.0792	0.0128	0.2934	0	0	36.2291	179.9224	31.2658	0.0103	35.5045	0.0071	7.1351	0.2000	0.7505	45.7911	0.7502	45.7700	7.1351	0.2000	0.7505	45.7911
0.1256	0.0128	0.4630	0	0	36.2291	179.8770	31.2658	0.0164	35.5045	0.0113	7.1352	0.3169	0.9612	44.8393	0.9608	44.8128	7.1352	0.3169	0.9612	44.8393
0.1991	0.0128	0.7352	0	0	36.2292	179.8051	31.2658	0.0260	35.5045	0.0179	7.1354	0.5023	1.2354	45.0052	1.2347	44.9728	7.1354	0.5023	1.2354	45.0052
0.3155	0.0128	1.1651	0	0	36.2293	179.6911	31.2658	0.0412	35.5045	0.0284	7.1360	0.7960	1.5782	44.9975	1.5771	44.9573	7.1360	0.7960	1.5782	44.9975
0.5000	0.0128	1.8492	0	0	36.2295	179.5105	31.2658	0.0653	35.5045	0.0450	7.1374	1.2613	2.0045	44.9708	2.0027	44.9209	7.1374	1.2613	2.0045	44.9708
0.7924	0.0128	2.9254	0	0	36.2302	179.2242	31.2659	0.1035	35.5046	0.0713	7.1408	1.9983	2.5369	44.9391	2.5341	44.8770	7.1408	1.9983	2.5369	44.9391
1.2559	0.0128	4.6231	0	0	36.2317	178.7705	31.2661	0.1640	35.5046	0.1130	7.1495	3.1641	3.2046	44.9081	3.2002	44.8308	7.1495	3.1641	3.2046	44.9081
1.9905	0.0129	7.2854	0	0	36.2357	178.0515	31.2664	0.2599	35.5048	0.1791	7.1712	5.0026	4.0422	44.8761	4.0351	44.7799	7.1712	5.0026	4.0422	44.8761
3.1548	0.0131	11.3833	0	0	36.2456	176.9124	31.2674	0.4118	35.5051	0.2839	7.2254	7.8809	5.0928	44.8383	5.0816	44.7188	7.2254	7.8809	5.0928	44.8383
5.0000	0.0137	17.4348	0	0	36.2705	175.1090	31.2697	0.6525	35.5060	0.4500	7.3596	12.3067	6.4128	44.7897	6.3950	44.6416	7.3596	12.3067	6.4128	44.7897
7.9245	0.0149	25.5873	0	0	36.3329	172.2582	31.2754	1.0336	35.5083	0.7131	7.6850	18.8283	8.0704	44.7340	8.0423	44.5512	7.6850	18.8283	8.0704	44.7340
12.5594	0.0175	34.7572	0	0	36.4884	167.7688	31.2895	1.6364	35.5139	1.1301	8.4398	27.5786	10.1513	44.6628	10.1069	44.4383	8.4398	27.5786	10.1513	44.6628
19.9054	0.0223	42.3454	0	0	36.8712	160.7657	31.3243	2.5878	35.5281	1.7905	10.0516	37.3718	12.7635	44.5728	12.6933	44.2989	10.0516	37.3718	12.7635	44.5728
31.5479	0.0298	46.0744	0	0	37.7867	150.0839	31.4092	4.0823	35.5638	2.8355	13.0881	45.4345	16.0401	44.4604	15.9294	44.1292	13.0881	45.4345	16.0401	44.4604
50.0000	0.0393	46.2194	0	0	39.8366	134.5804	31.6142	6.4070	35.6531	4.4848	17.9588	49.1180	20.1464	44.3177	19.9722	43.9219	17.9588	49.1180	20.1464	44.3177
79.2447	0.0501	45.2486	0	0	43.8392	114.1269	32.0999	9.9500	35.8764	7.0720	24.2738	48.1298	25.2877	44.1365	25.0141	43.6710	24.2738	48.1298	25.2877	44.1365
125.5943	0.0629	44.9308	0	0	50.0046	90.8793	33.2158	15.1253	36.4307	11.0693	30.7518	46.0263	31.7152	43.9066	31.2873	43.3710	30.7518	46.0263	31.7152	43.9066
199.0536	0.0790	44.9997	0	0	56.9171	69.0204	35.6572	22.0940	37.7828	17.0246	38.6625	46.2525	39.7362	43.6135	39.0711	43.0164	38.6625	46.2525	39.7362	43.6135
315.4787	0.0996	45.0060	0	0	62.8279	52.5175	40.5827	30.2555	40.9582	25.2002	49.2905	45.8195	49.7231	43.2388	48.6983	42.6039	49.2905	45.8195	49.7231	43.2388
500.0000	0.1253	45.0004	0	0	68.0730	43.1374	49.4996	37.9648	47.8861	34.7206	62.5804	45.1738	62.1212	42.7592	60.5635	42.1333	62.5804	45.1738	62.1212	42.7592
792.4466	0.1578	44.9998	0	0	75.1762	40.3146	64.0144	43.4653	61.3414	42.9929	79.2594	44.1795	77.4548	42.1427	75.1353	41.6073	79.2594	44.1795	77.4548	42.1427
1255.9432	0.1987	44.9999	0	0	87.9656	41.6173	84.7743	45.9775	83.7525	46.9770	99.9096	42.7543	96.3301	41.3476	92.9857	41.0284	99.9096	42.7543	96.3301	41.3476
1990.5359	0.2502	45.0000	0	0	110.0565	43.2568	113.5001	44.9725	113.9403	45.4261	124.9588	40.8168	119.4288	40.3193	114.8504	40.3903	124.9588	40.8168	119.4288	40.3193
3154.7867	0.3153	45.0000	0	0	141.0476	42.4471	142.5029	41.4933	142.9467	41.1949	154.4081	38.3390	147.4967	38.9834	141.7611	39.6462	154.4081	38.3390	147.4967	38.9834
5000.0000	0.3980	45.0000	0	0	176.7570	40.3953	175.5513	40.7961	175.2116	40.9513	187.5391	35.4517	181.3499	37.2362	175.2986	38.6435	187.5391	35.4517	181.3499	37.2362
7924.4660	0.5042	45.0000	0	0	222.1248	37.8562	221.3227	37.6371	221.1077	37.5844	223.5631	32.6331	221.9601	34.9232	217.9126	36.9941	223.5631	32.6331	221.9601	34.9232
12559.4322	0.6453	45.0000	0	0	277.2897	33.6842	276.5782	33.7077	276.3883	33.7376	265.7837	30.3260	270.8258	31.7567	272.8279	33.8566	265.7837	30.3260	270.8258	31.7567
19905.3585	0.8497	45.0000	0	0	342.1885	27.0841	341.8201	27.0269	341.6905	27.0234	324.7692	27.0815	331.5410	26.9657	341.6603	27.7120	324.7692	27.0815	331.5410	26.9657
31547.8672	1.2359	44.9999	0	0	409.0671	16.6077	408.9001	16.5574	408.8357	16.5568	404.9443	18.6052	405.9078	17.8742	412.1168	16.5189	404.9443	18.6052	405.9078	17.8742
50000.0000	5.8010	180.0000	0	0	33.1119	-180.0000	33.1386	-180.0000	33.1386	-180.0000	34.1043	-180.0000	33.7680	-180.0000	32.9053	-180.0000	34.1043	-180.0000	33.7680	-180.0000
