time	input	amplitude
0	0	0
1	0	0
2	0	0
3	0	0
4	0	0
5	0	0
6	0	0
7	0	0
8	0	0
9	0	0
10	0	0
11	0	0
12	0	0
13	0	0
14	0	0
15	0	0
16	0	0
17	0	0
18	0	0
19	0	0
20	0	0
21	0	0
22	0	0
23	0	0
24	0	0
25	0	0
26	0	0
27	0	0
28	0	0
29	0	0
30	0	0
31	0	0
32	0	0
33	0	0
34	0	0
35	0	0
36	0	0
37	0	0
38	0	0
39	0	0
40	0	0
41	0	0
42	0	0
43	0	0
44	0	0
45	0	0
46	0	0
47	0	0
48	0	0
49	0	0
50	0	0
51	0	0
52	0	0
53	0	0
54	0	0
55	0	0
56	0	0
57	0	0
58	0	0
59	0	0
60	0	0
61	0	0
62	0	0
63	1	0.817256
64	1	0.833954
65	1	0.843908
66	1	0.851674
67	1	0.857999
68	1	0.863332
69	1	0.867944
70	1	0.872005
71	1	0.87563
72	1	0.878902
73	1	0.88188
74	1	0.88461
75	1	0.887128
76	1	0.889462
77	1	0.891637
78	1	0.89367
79	1	0.895578
80	1	0.897374
81	1	0.899071
82	1	0.900676
83	1	0.902199
84	1	0.903648
85	1	0.905028
86	1	0.906345
87	1	0.907604
88	1	0.90881
89	1	0.909967
90	1	0.911078
91	1	0.912146
92	1	0.913175
93	1	0.914167
94	1	0.915124
95	1	0.916049
96	1	0.916943
97	1	0.917809
98	1	0.918648
99	1	0.919461
100	1	0.920251
101	1	0.921018
102	1	0.921764
103	1	0.92249
104	1	0.923197
105	1	0.923885
106	1	0.924557
107	1	0.925212
108	1	0.925852
109	1	0.926476
110	1	0.927087
111	1	0.927685
112	1	0.928269
113	1	0.928842
114	1	0.929403
115	1	0.929953
116	1	0.930492
117	1	0.931021
118	1	0.93154
119	1	0.93205
120	1	0.932551
121	1	0.933043
122	1	0.933527
123	1	0.934003
124	1	0.934472
125	1	0.934933
126	0	0.118131
127	0	0.101881
128	0	0.0922868
129	0	0.0848798
130	0	0.078911
131	0	0.0739296
132	0	0.0696658
133	0	0.0659482
134	0	0.0626615
135	0	0.059724
136	0	0.0570758
137	0	0.054671
138	0	0.0524738
139	0	0.0504557
140	0	0.0485936
141	0	0.0468683
142	0	0.0452641
143	0	0.0437678
144	0	0.0423679
145	0	0.041055
146	0	0.0398207
147	0	0.0386577
148	0	0.0375599
149	0	0.0365217
150	0	0.0355381
151	0	0.0346049
152	0	0.0337183
153	0	0.0328746
154	0	0.032071
155	0	0.0313044
156	0	0.0305725
157	0	0.029873
158	0	0.0292036
159	0	0.0285626
160	0	0.0279482
161	0	0.0273588
162	0	0.026793
163	0	0.0262493
164	0	0.0257265
165	0	0.0252235
166	0	0.0247393
167	0	0.0242728
168	0	0.0238231
169	0	0.0233893
170	0	0.0229708
171	0	0.0225666
172	0	0.0221762
173	0	0.0217989
174	0	0.021434
175	0	0.021081
176	0	0.0207394
177	0	0.0204087
178	0	0.0200883
179	0	0.0197779
180	0	0.019477
181	0	0.0191852
182	0	0.0189022
183	0	0.0186275
184	0	0.0183608
185	0	0.0181019
186	0	0.0178504
187	0	0.0176061
188	0	0.0173686
189	1	0.834394
190	1	0.850867
191	1	0.860602
192	1	0.868156
193	1	0.874274
194	1	0.879406
195	1	0.883821
196	1	0.887691
197	1	0.891131
198	1	0.894221
199	1	0.897022
200	1	0.899579
201	1	0.901929
202	1	0.9041
203	1	0.906114
204	1	0.907991
205	1	0.909746
206	1	0.911393
207	1	0.912944
208	1	0.914406
209	1	0.91579
210	1	0.917102
211	1	0.918348
212	1	0.919534
213	1	0.920665
214	1	0.921745
215	1	0.922778
216	1	0.923767
217	1	0.924716
218	1	0.925627
219	1	0.926503
220	1	0.927346
221	1	0.928158
222	1	0.928941
223	1	0.929697
224	1	0.930428
225	1	0.931134
226	1	0.931818
227	1	0.93248
228	1	0.933122
229	1	0.933744
230	1	0.934348
231	1	0.934935
232	1	0.935506
233	1	0.93606
234	1	0.9366
235	1	0.937125
236	1	0.937637
237	1	0.938136
238	1	0.938622
239	1	0.939096
240	1	0.939559
241	1	0.940012
242	1	0.940453
243	1	0.940885
244	1	0.941307
245	1	0.941719
246	1	0.942123
247	1	0.942519
248	1	0.942906
249	1	0.943285
250	1	0.943656
251	1	0.944021
252	0	0.127122
253	0	0.110774
254	0	0.101164
255	0	0.093735
256	0	0.0876787
257	0	0.0826135
258	0	0.078268
259	0	0.0744702
260	0	0.0711047
261	0	0.0680897
262	0	0.065365
263	0	0.0628848
264	0	0.0606131
265	0	0.0585215
266	0	0.0565866
267	0	0.0547895
268	0	0.0531142
269	0	0.0515476
270	0	0.0500781
271	0	0.0486963
272	0	0.0473938
273	0	0.0461633
274	0	0.0449986
275	0	0.0438941
276	0	0.0428448
277	0	0.0418466
278	0	0.0408953
279	0	0.0399877
280	0	0.0391206
281	0	0.0382912
282	0	0.0374968
283	0	0.0367353
284	0	0.0360046
285	0	0.0353026
286	0	0.0346277
287	0	0.0339783
288	0	0.0333528
289	0	0.0327499
290	0	0.0321685
291	0	0.0316072
292	0	0.0310651
293	0	0.0305411
294	0	0.0300344
295	0	0.029544
296	0	0.0290692
297	0	0.0286093
298	0	0.0281634
299	0	0.027731
300	0	0.0273115
301	0	0.0269043
302	0	0.0265088
303	0	0.0261246
304	0	0.0257511
305	0	0.025388
306	0	0.0250347
307	0	0.0246909
308	0	0.0243562
309	0	0.0240303
310	0	0.0237128
311	0	0.0234035
312	0	0.0231019
313	0	0.0228077
314	0	0.0225209
315	1	0.839497
316	1	0.855921
317	1	0.865609
318	1	0.873115
319	1	0.879185
320	1	0.88427
321	1	0.888638
322	1	0.892462
323	1	0.895855
324	1	0.8989
325	1	0.901656
326	1	0.904168
327	1	0.906474
328	1	0.9086
329	1	0.91057
330	1	0.912404
331	1	0.914116
332	1	0.915721
333	1	0.917229
334	1	0.91865
335	1	0.919992
336	1	0.921263
337	1	0.922468
338	1	0.923614
339	1	0.924704
340	1	0.925745
341	1	0.926738
342	1	0.927688
343	1	0.928599
344	1	0.929471
345	1	0.930309
346	1	0.931114
347	1	0.931889
348	1	0.932636
349	1	0.933355
350	1	0.934049
351	1	0.93472
352	1	0.935368
353	1	0.935995
354	1	0.936601
355	1	0.937189
356	1	0.937759
357	1	0.938312
358	1	0.938848
359	1	0.939369
360	1	0.939875
361	1	0.940368
362	1	0.940847
363	1	0.941313
364	1	0.941767
365	1	0.942209
366	1	0.94264
367	1	0.943061
368	1	0.943471
369	1	0.943872
370	1	0.944263
371	1	0.944645
372	1	0.945018
373	1	0.945383
374	1	0.94574
375	1	0.946089
376	1	0.94643
377	0	0.129509
378	0	0.113139
379	0	0.103505
380	0	0.0960535
381	0	0.0900369
382	0	0.0850055
383	0	0.0806902
384	0	0.0769199
385	0	0.0735796
386	0	0.0705879
387	0	0.0678849
388	0	0.0654248
389	0	0.063172
390	0	0.0610981
391	0	0.0591798
392	0	0.0573983
393	0	0.0557378
394	0	0.054185
395	0	0.0527288
396	0	0.0513594
397	0	0.0500686
398	0	0.0488492
399	0	0.047695
400	0	0.0466004
401	0	0.0455606
402	0	0.0445712
403	0	0.0436285
404	0	0.0427289
405	0	0.0418693
406	0	0.041047
407	0	0.0402595
408	0	0.0395044
409	0	0.0387798
410	0	0.0380835
411	0	0.0374141
412	0	0.0367697
413	0	0.0361491
414	0	0.0355508
415	0	0.0349736
416	0	0.0344164
417	0	0.033878
418	0	0.0333576
419	0	0.0328542
420	0	0.0323669
421	0	0.031895
422	0	0.0314377
423	0	0.0309943
424	0	0.0305642
425	0	0.0301468
426	0	0.0297415
427	0	0.0293477
428	0	0.0289651
429	0	0.028593
430	0	0.0282312
431	0	0.027879
432	0	0.0275362
433	0	0.0272024
434	0	0.0268772
435	0	0.0265603
436	0	0.0262514
437	0	0.0259501
438	0	0.0256562
439	0	0.0253694
440	1	0.842346
441	1	0.85877
442	1	0.868457
443	1	0.875962
444	1	0.882032
445	1	0.887117
446	1	0.891485
447	1	0.895308
448	1	0.8987
449	1	0.901744
450	1	0.904499
451	1	0.90701
452	1	0.909314
453	1	0.911439
454	1	0.913409
455	1	0.915241
456	1	0.916952
457	1	0.918555
458	1	0.920061
459	1	0.921481
460	1	0.922821
461	1	0.92409
462	1	0.925294
463	1	0.926438
464	1	0.927527
465	1	0.928565
466	1	0.929556
467	1	0.930505
468	1	0.931413
469	1	0.932283
470	1	0.933119
471	1	0.933922
472	1	0.934694
473	1	0.935438
474	1	0.936156
475	1	0.936847
476	1	0.937515
477	1	0.938161
478	1	0.938785
479	1	0.939389
480	1	0.939974
481	1	0.940542
482	1	0.941092
483	1	0.941625
484	1	0.942144
485	1	0.942647
486	1	0.943137
487	1	0.943613
488	1	0.944076
489	1	0.944527
490	1	0.944967
491	1	0.945395
492	1	0.945812
493	1	0.94622
494	1	0.946617
495	1	0.947005
496	1	0.947384
497	1	0.947754
498	1	0.948116
499	1	0.94847
500	1	0.948816
501	1	0.949154
502	1	0.949485
503	0	0.132554
504	0	0.116173
505	0	0.106531
506	0	0.0990692
507	0	0.0930432
508	0	0.0880027
509	0	0.0836784
510	0	0.0798994
511	0	0.0765504
512	0	0.0735122
513	0	0.0707664
514	0	0.0682657
515	0	0.0659742
516	0	0.0638629
517	0	0.0619086
518	0	0.0600922
519	0	0.0583977
520	0	0.0568119
521	0	0.0553233
522	0	0.0539224
523	0	0.0526008
524	0	0.0513512
525	0	0.0501674
526	0	0.0490438
527	0	0.0479754
528	0	0.0469581
529	0	0.0459878
530	0	0.045061
531	0	0.0441748
532	0	0.0433263
533	0	0.0425128
534	0	0.0417322
535	0	0.0409824
536	0	0.0402613
537	0	0.0395673
538	0	0.0388988
539	0	0.0382542
540	0	0.0376323
541	0	0.0370317
542	0	0.0364514
543	0	0.0358902
544	0	0.0353472
545	0	0.0348215
546	0	0.0343121
547	0	0.0338183
548	0	0.0333393
549	0	0.0328745
550	0	0.0324231
551	0	0.0319847
552	0	0.0315585
553	0	0.0311441
554	0	0.030741
555	0	0.0303486
556	0	0.0299666
557	0	0.0295945
558	0	0.0292319
559	0	0.0288785
560	0	0.0285338
561	0	0.0281976
562	0	0.0278695
563	0	0.0275492
564	0	0.0272364
565	0	0.0269309
566	1	0.843888
567	1	0.860294
568	1	0.869963
569	1	0.87745
570	1	0.883502
571	1	0.888569
572	1	0.892919
573	1	0.896724
574	1	0.900099
575	1	0.903125
576	1	0.905862
577	1	0.908357
578	1	0.910644
579	1	0.912752
580	1	0.914704
581	1	0.916519
582	1	0.918214
583	1	0.9198
584	1	0.92129
585	1	0.922693
586	1	0.924017
587	1	0.92527
588	1	0.926457
589	1	0.927585
590	1	0.928658
591	1	0.929681
592	1	0.930656
593	1	0.931589
594	1	0.932481
595	1	0.933336
596	1	0.934157
597	1	0.934945
598	1	0.935702
599	1	0.936431
600	1	0.937133
601	1	0.93781
602	1	0.938463
603	1	0.939093
604	1	0.939703
605	1	0.940293
606	1	0.940863
607	1	0.941416
608	1	0.941951
609	1	0.942471
610	1	0.942975
611	1	0.943464
612	1	0.94394
613	1	0.944402
614	1	0.944851
615	1	0.945289
616	1	0.945714
617	1	0.946129
618	1	0.946533
619	1	0.946926
620	1	0.94731
621	1	0.947685
622	1	0.94805
623	1	0.948407
624	1	0.948756
625	1	0.949096
626	1	0.949429
627	1	0.949754
628	1	0.950073
629	0	0.133128
630	0	0.116735
631	0	0.10708
632	0	0.0996055
633	0	0.0935668
634	0	0.0885138
635	0	0.084177
636	0	0.0803855
637	0	0.0770242
638	0	0.0740117
639	0	0.071288
640	0	0.0688075
641	0	0.0665345
642	0	0.0644405
643	0	0.0625024
644	0	0.0607013
645	0	0.0590213
646	0	0.0574491
647	0	0.0559737
648	0	0.0545852
649	0	0.0532755
650	0	0.0520374
651	0	0.0508646
652	0	0.0497515
653	0	0.0486933
654	0	0.0476857
655	0	0.0467249
656	0	0.0458073
657	0	0.0449299
658	0	0.0440899
659	0	0.0432847
660	0	0.0425121
661	0	0.04177
662	0	0.0410564
663	0	0.0403697
664	0	0.0397082
665	0	0.0390706
666	0	0.0384553
667	0	0.0378613
668	0	0.0372873
669	0	0.0367322
670	0	0.0361952
671	0	0.0356753
672	0	0.0351715
673	0	0.0346833
674	0	0.0342097
675	0	0.0337501
676	0	0.0333039
677	0	0.0328704
678	0	0.0324491
679	0	0.0320395
680	0	0.031641
681	0	0.0312531
682	0	0.0308755
683	0	0.0305078
684	0	0.0301494
685	0	0.0298
686	0	0.0294594
687	0	0.0291271
688	0	0.0288028
689	0	0.0284862
690	0	0.0281771
691	0	0.0278752
692	1	0.844836
693	1	0.861245
694	1	0.870918
695	1	0.878408
696	1	0.884463
697	1	0.889533
698	1	0.893886
699	1	0.897694
700	1	0.901072
701	1	0.904101
702	1	0.906841
703	1	0.909338
704	1	0.911628
705	1	0.913739
706	1	0.915693
707	1	0.917511
708	1	0.919208
709	1	0.920797
710	1	0.922289
711	1	0.923694
712	1	0.925021
713	1	0.926276
714	1	0.927465
715	1	0.928595
716	1	0.92967
717	1	0.930695
718	1	0.931673
719	1	0.932607
720	1	0.933501
721	1	0.934358
722	1	0.93518
723	1	0.93597
724	1	0.936729
725	1	0.93746
726	1	0.938163
727	1	0.938842
728	1	0.939496
729	1	0.940129
730	1	0.94074
731	1	0.941331
732	1	0.941903
733	1	0.942457
734	1	0.942994
735	1	0.943515
736	1	0.94402
737	1	0.944511
738	1	0.944988
739	1	0.945451
740	1	0.945902
741	1	0.94634
742	1	0.946767
743	1	0.947182
744	1	0.947587
745	1	0.947982
746	1	0.948367
747	1	0.948743
748	1	0.949109
749	1	0.949467
750	1	0.949816
751	1	0.950158
752	1	0.950492
753	1	0.950818
754	0	0.133881
755	0	0.117496
756	0	0.107847
757	0	0.10038
758	0	0.0943482
759	0	0.0893017
760	0	0.0849713
761	0	0.0811858
762	0	0.0778304
763	0	0.0748236
764	0	0.0721055
765	0	0.0696304
766	0	0.0673626
767	0	0.0652737
768	0	0.0633405
769	0	0.061544
770	0	0.0598686
771	0	0.058301
772	0	0.0568298
773	0	0.0554456
774	0	0.05414
775	0	0.0529058
776	0	0.0517369
777	0	0.0506275
778	0	0.049573
779	0	0.048569
780	0	0.0476115
781	0	0.0466973
782	0	0.0458231
783	0	0.0449863
784	0	0.0441842
785	0	0.0434146
786	0	0.0426754
787	0	0.0419647
788	0	0.0412807
789	0	0.0406219
790	0	0.0399869
791	0	0.0393742
792	0	0.0387826
793	0	0.038211
794	0	0.0376583
795	0	0.0371236
796	0	0.0366058
797	0	0.0361043
798	0	0.0356181
799	0	0.0351466
800	0	0.034689
801	0	0.0342447
802	0	0.0338131
803	0	0.0333937
804	0	0.0329858
805	0	0.032589
806	0	0.0322029
807	0	0.031827
808	0	0.0314608
809	0	0.031104
810	0	0.0307562
811	0	0.030417
812	0	0.0300861
813	0	0.0297633
814	0	0.0294481
815	0	0.0291403
816	0	0.0288397
817	1	0.845802
818	1	0.862212
819	1	0.871886
820	1	0.879377
821	1	0.885434
822	1	0.890504
823	1	0.894859
824	1	0.898668
825	1	0.902047
826	1	0.905077
827	1	0.907818
828	1	0.910316
829	1	0.912606
830	1	0.914718
831	1	0.916674
832	1	0.918492
833	1	0.92019
834	1	0.921779
835	1	0.923272
836	1	0.924678
837	1	0.926006
838	1	0.927261
839	1	0.928451
840	1	0.929582
841	1	0.930658
842	1	0.931683
843	1	0.932661
844	1	0.933596
845	1	0.934491
846	1	0.935348
847	1	0.936171
848	1	0.936961
849	1	0.937721
850	1	0.938452
851	1	0.939156
852	1	0.939834
853	1	0.94049
854	1	0.941122
855	1	0.941734
856	1	0.942325
857	1	0.942897
858	1	0.943452
859	1	0.943989
860	1	0.94451
861	1	0.945016
862	1	0.945507
863	1	0.945984
864	1	0.946447
865	1	0.946898
866	1	0.947337
867	1	0.947764
868	1	0.948179
869	1	0.948585
870	1	0.948979
871	1	0.949365
872	1	0.94974
873	1	0.950107
874	1	0.950465
875	1	0.950814
876	1	0.951156
877	1	0.95149
878	1	0.951816
879	1	0.952135
880	0	0.135191
881	0	0.118799
882	0	0.109145
883	0	0.101671
884	0	0.0956333
885	0	0.0905809
886	0	0.0862449
887	0	0.082454
888	0	0.0790933
889	0	0.0760813
890	0	0.0733582
891	0	0.0708783
892	0	0.0686058
893	0	0.0665123
894	0	0.0645746
895	0	0.0627739
896	0	0.0610943
897	0	0.0595225
898	0	0.0580474
899	0	0.0566593
900	0	0.0553499
901	0	0.054112
902	0	0.0529394
903	0	0.0518266
904	0	0.0507686
905	0	0.0497612
906	0	0.0488005
907	0	0.0478831
908	0	0.0470058
909	0	0.0461659
910	0	0.0453608
911	0	0.0445882
912	0	0.0438461
913	0	0.0431326
914	0	0.0424459
915	0	0.0417844
916	0	0.0411467
917	0	0.0405314
918	0	0.0399373
919	0	0.0393631
920	0	0.038808
921	0	0.0382708
922	0	0.0377507
923	0	0.0372469
924	0	0.0367584
925	0	0.0362846
926	0	0.0358248
927	0	0.0353783
928	0	0.0349446
929	0	0.034523
930	0	0.0341131
931	0	0.0337143
932	0	0.0333262
933	0	0.0329482
934	0	0.0325801
935	0	0.0322213
936	0	0.0318716
937	0	0.0315306
938	0	0.0311979
939	0	0.0308732
940	0	0.0305562
941	0	0.0302466
942	0	0.0299442
943	1	0.846905
944	1	0.863314
945	1	0.872985
946	1	0.880475
947	1	0.88653
948	1	0.891599
949	1	0.895951
950	1	0.899759
951	1	0.903136
952	1	0.906165
953	1	0.908904
954	1	0.911401
955	1	0.91369
956	1	0.9158
957	1	0.917754
958	1	0.919571
959	1	0.921267
960	1	0.922856
961	1	0.924347
962	1	0.925752
963	1	0.927077
964	1	0.928332
965	1	0.929521
966	1	0.93065
967	1	0.931724
968	1	0.932748
969	1	0.933725
970	1	0.934658
971	1	0.935552
972	1	0.936408
973	1	0.937229
974	1	0.938018
975	1	0.938776
976	1	0.939506
977	1	0.940209
978	1	0.940887
979	1	0.94154
980	1	0.942172
981	1	0.942782
982	1	0.943372
983	1	0.943943
984	1	0.944497
985	1	0.945033
986	1	0.945552
987	1	0.946057
988	1	0.946547
989	1	0.947022
990	1	0.947485
991	1	0.947934
992	1	0.948372
993	1	0.948798
994	1	0.949212
995	1	0.949616
996	1	0.95001
997	1	0.950394
998	1	0.950769
999	1	0.951134
