0.5	10	2	0.009
0	0	0	0
0.009	1	0.00767011	0.852234
0.018	1	0.0186906	1.2245
0.027	1	0.031949	1.47316
0.036	1	0.0468713	1.65803
0.045	1	0.0630873	1.80179
0.054	1	0.0803309	1.91595
0.063	1	0.0983971	2.00736
0.072	1	0.117122	2.08054
0.081	1	0.13637	2.13865
0.09	1	0.156026	2.18405
0.099	1	0.175993	2.21856
0.108	1	0.196186	2.24363
0.117	1	0.21653	2.26046
0.126	1	0.23696	2.27002
0.135	1	0.257419	2.27315
0.144	1	0.277854	2.27058
0.153	1	0.29822	2.26293
0.162	1	0.318477	2.25075
0.171	1	0.338588	2.23453
0.18	1	0.35852	2.21471
0.189	1	0.378245	2.19166
0.198	1	0.397737	2.16576
0.207	1	0.416973	2.1373
0.216	1	0.435932	2.1066
0.225	1	0.454597	2.0739
0.234	1	0.472952	2.03945
0.243	1	0.490984	2.00347
0.252	1	0.508679	1.96617
0.261	1	0.526029	1.92773
0.27	1	0.543024	1.88833
0.279	1	0.559657	1.84812
0.288	1	0.575922	1.80725
0.297	1	0.591815	1.76586
0.306	1	0.607331	1.72406
0.315	1	0.622469	1.68197
0.324	1	0.637226	1.6397
0.333	1	0.651603	1.59735
0.342	1	0.665598	1.555
0.351	1	0.679212	1.51274
0.36	1	0.692448	1.47064
0.369	1	0.705307	1.42878
0.378	1	0.717792	1.3872
0.387	1	0.729906	1.34598
0.396	1	0.741652	1.30517
0.405	1	0.753035	1.2648
0.414	1	0.76406	1.22494
0.423	1	0.77473	1.18561
0.432	1	0.785052	1.14685
0.441	1	0.79503	1.10869
0.45	1	0.804671	1.07117
0.459	1	0.813979	1.0343
0.468	1	0.822962	0.998106
0.477	1	0.831626	0.962612
0.486	1	0.839976	0.92783
0.495	1	0.84802	0.893776
0.504	1	0.855764	0.86046
0.513	1	0.863215	0.827893
0.522	1	0.87038	0.796081
0.531	1	0.877265	0.76503
0.54	1	0.883878	0.734743
0.549	1	0.890225	0.705223
0.558	1	0.896313	0.676471
0.567	1	0.90215	0.648485
0.576	1	0.907741	0.621263
0.585	1	0.913094	0.594802
0.594	1	0.918216	0.569097
0.603	1	0.923113	0.544143
0.612	1	0.927793	0.519933
0.621	1	0.932261	0.496459
0.63	1	0.936524	0.473714
0.639	1	0.94059	0.451689
0.648	1	0.944463	0.430374
0.657	1	0.948151	0.409759
0.666	1	0.951659	0.389833
0.675	1	0.954995	0.370584
0.684	1	0.958163	0.352002
0.693	1	0.961169	0.334074
0.702	1	0.96402	0.316788
0.711	1	0.966722	0.300132
0.72	1	0.969278	0.284091
0.729	1	0.971696	0.268654
0.738	1	0.973981	0.253806
0.747	1	0.976136	0.239535
0.756	1	0.978169	0.225827
0.765	1	0.980083	0.212669
0.774	1	0.981883	0.200046
0.783	1	0.983575	0.187945
0.792	1	0.985162	0.176352
0.801	1	0.986649	0.165255
0.81	1	0.988041	0.154638
0.819	1	0.989341	0.144489
0.828	1	0.990554	0.134795
0.837	1	0.991684	0.125541
0.846	1	0.992735	0.116716
0.855	1	0.99371	0.108304
0.864	1	0.994612	0.100295
0.873	1	0.995446	0.0926749
0.882	1	0.996215	0.0854312
0.891	1	0.996922	0.0785515
0.9	1	0.99757	0.0720237
0.909	1	0.998163	0.0658359
0.918	1	0.998703	0.0599761
0.927	1	0.999193	0.0544329
0.936	1	0.999635	0.0491948
0.945	1	1.00003	0.0442507
0.954	1	1.00039	0.0395897
0.963	1	1.00071	0.0352012
0.972	1	1.00099	0.0310746
0.981	1	1.00123	0.0271998
0.99	1	1.00144	0.0235668
0.999	1	1.00162	0.0201659
1.008	1	1.00178	0.0169876
1.017	1	1.0019	0.0140225
1.026	1	1.00201	0.0112618
1.035	1	1.00208	0.00869663
1.044	1	1.00214	0.00631844
1.053	1	1.00218	0.00411897
1.062	1	1.0022	0.00209014
1.071	1	1.0022	0.000224141
1.08	1	1.00218	-0.00148663
1.089	1	1.00216	-0.00304954
1.098	1	1.00212	-0.00447172
1.107	1	1.00207	-0.00576007
1.116	1	1.002	-0.0069213
1.125	1	1.00193	-0.00796188
1.134	1	1.00185	-0.00888805
1.143	1	1.00176	-0.00970587
1.152	1	1.00167	-0.0104212
1.161	1	1.00157	-0.0110396
1.17	1	1.00147	-0.0115666
1.179	1	1.00136	-0.0120073
1.188	1	1.00125	-0.0123669
1.197	1	1.00113	-0.0126502
1.206	1	1.00102	-0.0128618
1.215	1	1.0009	-0.0130062
1.224	1	1.00078	-0.0130878
1.233	1	1.00066	-0.0131107
1.242	1	1.00055	-0.0130789
1.251	1	1.00043	-0.0129962
1.26	1	1.00031	-0.0128661
1.269	1	1.0002	-0.0126924
1.278	1	1.00009	-0.0124781
1.287	1	0.999978	-0.0122267
1.296	1	0.99987	-0.011941
1.305	1	0.999766	-0.0116241
1.314	1	0.999664	-0.0112787
1.323	1	0.999566	-0.0109074
1.332	1	0.999472	-0.0105128
1.341	1	0.999381	-0.0100973
1.35	1	0.999294	-0.00966314
1.359	1	0.999211	-0.0092125
1.368	1	0.999132	-0.00874744
1.377	1	0.999058	-0.0082699
1.386	1	0.998988	-0.00778173
1.395	1	0.998922	-0.00728465
1.404	1	0.998861	-0.00678032
1.413	1	0.998805	-0.00627029
1.422	1	0.998753	-0.00575601
1.431	1	0.998706	-0.00523887
1.44	1	0.998663	-0.00472015
1.449	1	0.998625	-0.00420106
1.458	1	0.998592	-0.00368274
1.467	1	0.998564	-0.00316624
1.476	1	0.99854	-0.00265256
1.485	1	0.998521	-0.00214261
1.494	1	0.998506	-0.00163724
1.503	1	0.998496	-0.00113725
1.512	1	0.99849	-0.000643365
1.521	1	0.998488	-0.000156264
1.53	1	0.998491	0.000323437
1.539	1	0.998498	0.000795171
1.548	1	0.99851	0.00125842
1.557	1	0.998525	0.00171272
1.566	1	0.998545	0.00215765
1.575	1	0.998568	0.00259282
1.584	1	0.998595	0.0030179
1.593	1	0.998626	0.00343258
1.602	1	0.99866	0.00383661
1.611	1	0.998699	0.00422976
1.62	1	0.99874	0.00461184
1.629	1	0.998785	0.00498268
1.638	1	0.998833	0.00534215
1.647	1	0.998884	0.00569015
1.656	1	0.998938	0.00602659
1.665	1	0.998996	0.00635144
1.674	1	0.999056	0.00666466
1.683	1	0.999118	0.00696624
1.692	1	0.999184	0.00725619
1.701	1	0.999251	0.00753456
1.71	1	0.999322	0.00780139
1.719	1	0.999394	0.00805676
1.728	1	0.999469	0.00830074
1.737	1	0.999546	0.00853343
1.746	1	0.999624	0.00875496
1.755	1	0.999705	0.00896544
1.764	1	0.999788	0.00916501
1.773	1	0.999872	0.00935382
1.782	1	0.999958	0.00953202
1.791	1	1.00004	0.00969979
1.8	1	1.00013	0.00985729
1.809	1	1.00022	0.0100047
1.818	1	1.00031	0.0101422
1.827	1	1.00041	0.0102701
1.836	1	1.0005	0.0103884
1.845	1	1.0006	0.0104974
1.854	1	1.00069	0.0105973
1.863	1	1.00079	0.0106883
1.872	1	1.00088	0.0107707
1.881	1	1.00098	0.0108446
1.89	1	1.00108	0.0109103
1.899	1	1.00118	0.0109679
1.908	1	1.00128	0.0110178
1.917	1	1.00138	0.01106
1.926	1	1.00148	0.0110949
1.935	1	1.00158	0.0111227
1.944	1	1.00168	0.0111435
1.953	1	1.00178	0.0111576
1.962	1	1.00188	0.0111652
1.971	1	1.00198	0.0111666
1.98	1	1.00208	0.0111618
1.989	1	1.00218	0.0111513
1.998	1	1.00228	0.011135
2.007	1	1.00238	0.0111133
2.016	1	1.00248	0.0110864
2.025	1	1.00258	0.0110545
2.034	1	1.00268	0.0110177
2.043	1	1.00278	0.0109762
2.052	1	1.00288	0.0109304
2.061	1	1.00297	0.0108802
2.07	1	1.00307	0.010826
2.079	1	1.00317	0.0107678
2.088	1	1.00326	0.010706
2.097	1	1.00336	0.0106405
2.106	1	1.00345	0.0105718
2.115	1	1.00355	0.0104997
2.124	1	1.00364	0.0104247
2.133	1	1.00374	0.0103468
2.142	1	1.00383	0.0102661
2.151	1	1.00392	0.0101828
2.16	1	1.00401	0.0100971
2.169	1	1.0041	0.0100091
2.178	1	1.00419	0.009919
2.187	1	1.00428	0.00982684
2.196	1	1.00437	0.0097328
2.205	1	1.00445	0.009637
2.214	1	1.00454	0.00953956
2.223	1	1.00462	0.00944061
2.232	1	1.00471	0.00934027
2.241	1	1.00479	0.00923864
2.25	1	1.00487	0.00913585
2.259	1	1.00495	0.00903198
2.268	1	1.00504	0.00892715
2.277	1	1.00511	0.00882145
2.286	1	1.00519	0.00871499
2.295	1	1.00527	0.00860784
2.304	1	1.00535	0.00850011
2.313	1	1.00542	0.00839187
2.322	1	1.0055	0.00828321
2.331	1	1.00557	0.0081742
2.34	1	1.00564	0.00806493
2.349	1	1.00571	0.00795547
2.358	1	1.00579	0.00784588
2.367	1	1.00586	0.00773623
2.376	1	1.00592	0.00762659
2.385	1	1.00599	0.00751702
2.394	1	1.00606	0.00740757
2.403	1	1.00612	0.00729831
2.412	1	1.00619	0.00718928
2.421	1	1.00625	0.00708054
2.43	1	1.00631	0.00697214
2.439	1	1.00638	0.00686412
2.448	1	1.00644	0.00675652
2.457	1	1.0065	0.00664939
2.466	1	1.00656	0.00654277
2.475	1	1.00661	0.00643669
2.484	1	1.00667	0.00633119
2.493	1	1.00673	0.0062263
2.502	1	1.00678	0.00612206
2.511	1	1.00684	0.00601849
2.52	1	1.00689	0.00591562
2.529	1	1.00694	0.00581348
2.538	1	1.00699	0.00571209
2.547	1	1.00704	0.00561147
2.556	1	1.00709	0.00551165
2.565	1	1.00714	0.00541263
2.574	1	1.00719	0.00531446
2.583	1	1.00724	0.00521713
2.592	1	1.00728	0.00512066
2.601	1	1.00733	0.00502507
2.61	1	1.00737	0.00493037
2.619	1	1.00742	0.00483657
2.628	1	1.00746	0.00474369
2.637	1	1.0075	0.00465172
2.646	1	1.00754	0.00456069
2.655	1	1.00758	0.00447059
2.664	1	1.00762	0.00438143
2.673	1	1.00766	0.00429322
2.682	1	1.0077	0.00420597
2.691	1	1.00774	0.00411966
2.7	1	1.00777	0.00403432
2.709	1	1.00781	0.00394994
2.718	1	1.00784	0.00386651
2.727	1	1.00788	0.00378405
2.736	1	1.00791	0.00370255
2.745	1	1.00794	0.00362201
2.754	1	1.00797	0.00354243
2.763	1	1.008	0.0034638
2.772	1	1.00804	0.00338613
2.781	1	1.00807	0.00330941
2.79	1	1.00809	0.00323363
2.799	1	1.00812	0.0031588
2.808	1	1.00815	0.00308491
2.817	1	1.00818	0.00301195
2.826	1	1.0082	0.00293992
2.835	1	1.00823	0.00286881
2.844	1	1.00825	0.00279862
2.853	1	1.00828	0.00272934
2.862	1	1.0083	0.00266096
2.871	1	1.00833	0.00259349
2.88	1	1.00835	0.0025269
2.889	1	1.00837	0.00246119
2.898	1	1.00839	0.00239636
2.907	1	1.00841	0.0023324
2.916	1	1.00843	0.00226929
2.925	1	1.00845	0.00220704
2.934	1	1.00847	0.00214563
2.943	1	1.00849	0.00208506
2.952	1	1.00851	0.00202532
2.961	1	1.00853	0.00196639
2.97	1	1.00855	0.00190827
2.979	1	1.00856	0.00185095
2.988	1	1.00858	0.00179443
2.997	1	1.00859	0.00173869
3.006	1	1.00861	0.00168372
3.015	1	1.00862	0.00162952
3.024	1	1.00864	0.00157608
3.033	1	1.00865	0.00152339
3.042	1	1.00867	0.00147143
3.051	1	1.00868	0.00142021
3.06	1	1.00869	0.0013697
3.069	1	1.0087	0.00131991
3.078	1	1.00871	0.00127082
3.087	1	1.00872	0.00122243
3.096	1	1.00874	0.00117472
3.105	1	1.00875	0.00112769
3.114	1	1.00875	0.00108133
3.123	1	1.00876	0.00103563
3.132	1	1.00877	0.00099058
3.141	1	1.00878	0.000946173
3.15	1	1.00879	0.000902399
3.159	1	1.0088	0.000859252
3.168	1	1.0088	0.000816721
3.177	1	1.00881	0.000774801
3.186	1	1.00882	0.000733481
3.195	1	1.00882	0.000692754
3.204	1	1.00883	0.000652611
3.213	1	1.00884	0.000613046
3.222	1	1.00884	0.00057405
3.231	1	1.00885	0.000535615
3.24	1	1.00885	0.000497733
3.249	1	1.00885	0.000460398
3.258	1	1.00886	0.0004236
3.267	1	1.00886	0.000387334
3.276	1	1.00887	0.000351592
3.285	1	1.00887	0.000316366
3.294	1	1.00887	0.00028165
3.303	1	1.00887	0.000247435
3.312	1	1.00887	0.000213717
3.321	1	1.00888	0.000180486
3.33	1	1.00888	0.000147738
3.339	1	1.00888	0.000115464
3.348	1	1.00888	8.36591e-005
3.357	1	1.00888	5.23162e-005
3.366	1	1.00888	2.14289e-005
3.375	1	1.00888	-9.00898e-006
3.384	1	1.00888	-3.90037e-005
3.393	1	1.00888	-6.85612e-005
3.402	1	1.00888	-9.76877e-005
3.411	1	1.00888	-0.000126389
3.42	1	1.00888	-0.000154671
3.429	1	1.00887	-0.000182539
3.438	1	1.00887	-0.00021
3.447	1	1.00887	-0.000237058
3.456	1	1.00887	-0.000263718
3.465	1	1.00887	-0.000289988
3.474	1	1.00886	-0.000315871
3.483	1	1.00886	-0.000341373
3.492	1	1.00886	-0.000366499
3.501	1	1.00885	-0.000391255
3.51	1	1.00885	-0.000415644
3.519	1	1.00884	-0.000439672
3.528	1	1.00884	-0.000463344
3.537	1	1.00884	-0.000486665
3.546	1	1.00883	-0.000509639
3.555	1	1.00883	-0.000532271
3.564	1	1.00882	-0.000554565
3.573	1	1.00882	-0.000576525
3.582	1	1.00881	-0.000598157
3.591	1	1.00881	-0.000619464
3.6	1	1.0088	-0.000640451
3.609	1	1.00879	-0.000661121
3.618	1	1.00879	-0.000681479
3.627	1	1.00878	-0.00070153
3.636	1	1.00877	-0.000721276
3.645	1	1.00877	-0.000740721
3.654	1	1.00876	-0.000759871
3.663	1	1.00875	-0.000778727
3.672	1	1.00875	-0.000797295
3.681	1	1.00874	-0.000815577
3.69	1	1.00873	-0.000833578
3.699	1	1.00872	-0.000851301
3.708	1	1.00872	-0.000868749
3.717	1	1.00871	-0.000885925
3.726	1	1.0087	-0.000902834
3.735	1	1.00869	-0.000919478
3.744	1	1.00868	-0.000935862
3.753	1	1.00868	-0.000951987
3.762	1	1.00867	-0.000967857
3.771	1	1.00866	-0.000983476
3.78	1	1.00865	-0.000998846
3.789	1	1.00864	-0.00101397
3.798	1	1.00863	-0.00102885
3.807	1	1.00862	-0.00104349
3.816	1	1.00861	-0.0010579
3.825	1	1.0086	-0.00107207
3.834	1	1.00859	-0.00108601
3.843	1	1.00858	-0.00109972
3.852	1	1.00857	-0.00111321
3.861	1	1.00856	-0.00112648
3.87	1	1.00855	-0.00113952
3.879	1	1.00854	-0.00115235
3.888	1	1.00853	-0.00116496
3.897	1	1.00852	-0.00117736
3.906	1	1.00851	-0.00118955
3.915	1	1.0085	-0.00120153
3.924	1	1.00849	-0.00121331
3.933	1	1.00848	-0.00122488
3.942	1	1.00847	-0.00123626
3.951	1	1.00845	-0.00124743
3.96	1	1.00844	-0.00125842
3.969	1	1.00843	-0.0012692
3.978	1	1.00842	-0.0012798
3.987	1	1.00841	-0.00129021
3.996	1	1.0084	-0.00130043
4.005	1	1.00839	-0.00131047
4.014	1	1.00837	-0.00132033
4.023	1	1.00836	-0.00133001
4.032	1	1.00835	-0.0013395
4.041	1	1.00834	-0.00134883
4.05	1	1.00832	-0.00135798
4.059	1	1.00831	-0.00136696
4.068	1	1.0083	-0.00137576
4.077	1	1.00829	-0.0013844
4.086	1	1.00828	-0.00139288
4.095	1	1.00826	-0.00140119
4.104	1	1.00825	-0.00140934
4.113	1	1.00824	-0.00141733
4.122	1	1.00822	-0.00142516
4.131	1	1.00821	-0.00143283
4.14	1	1.0082	-0.00144035
4.149	1	1.00819	-0.00144772
4.158	1	1.00817	-0.00145494
4.167	1	1.00816	-0.00146201
4.176	1	1.00815	-0.00146893
4.185	1	1.00813	-0.0014757
4.194	1	1.00812	-0.00148233
4.203	1	1.00811	-0.00148882
4.212	1	1.00809	-0.00149517
4.221	1	1.00808	-0.00150137
4.23	1	1.00807	-0.00150744
4.239	1	1.00805	-0.00151338
4.248	1	1.00804	-0.00151918
4.257	1	1.00802	-0.00152485
4.266	1	1.00801	-0.00153039
4.275	1	1.008	-0.00153579
4.284	1	1.00798	-0.00154107
4.293	1	1.00797	-0.00154623
4.302	1	1.00796	-0.00155126
4.311	1	1.00794	-0.00155616
4.32	1	1.00793	-0.00156094
4.329	1	1.00791	-0.00156561
4.338	1	1.0079	-0.00157015
4.347	1	1.00788	-0.00157458
4.356	1	1.00787	-0.00157889
4.365	1	1.00786	-0.00158308
4.374	1	1.00784	-0.00158716
4.383	1	1.00783	-0.00159113
4.392	1	1.00781	-0.00159499
4.401	1	1.0078	-0.00159874
4.41	1	1.00778	-0.00160238
4.419	1	1.00777	-0.00160591
4.428	1	1.00776	-0.00160934
4.437	1	1.00774	-0.00161266
4.446	1	1.00773	-0.00161588
4.455	1	1.00771	-0.001619
4.464	1	1.0077	-0.00162202
4.473	1	1.00768	-0.00162493
4.482	1	1.00767	-0.00162776
4.491	1	1.00765	-0.00163048
4.5	1	1.00764	-0.00163311
4.509	1	1.00762	-0.00163564
4.518	1	1.00761	-0.00163808
4.527	1	1.00759	-0.00164043
4.536	1	1.00758	-0.00164268
4.545	1	1.00756	-0.00164485
4.554	1	1.00755	-0.00164693
4.563	1	1.00754	-0.00164892
4.572	1	1.00752	-0.00165082
4.581	1	1.00751	-0.00165264
4.59	1	1.00749	-0.00165437
4.599	1	1.00748	-0.00165602
4.608	1	1.00746	-0.00165759
4.617	1	1.00745	-0.00165908
4.626	1	1.00743	-0.00166049
4.635	1	1.00742	-0.00166181
4.644	1	1.0074	-0.00166306
4.653	1	1.00739	-0.00166423
4.662	1	1.00737	-0.00166533
4.671	1	1.00736	-0.00166635
4.68	1	1.00734	-0.0016673
4.689	1	1.00733	-0.00166817
4.698	1	1.00731	-0.00166897
4.707	1	1.0073	-0.0016697
4.716	1	1.00728	-0.00167036
4.725	1	1.00727	-0.00167095
4.734	1	1.00725	-0.00167147
4.743	1	1.00724	-0.00167192
4.752	1	1.00722	-0.00167231
4.761	1	1.00721	-0.00167263
4.77	1	1.00719	-0.00167288
4.779	1	1.00718	-0.00167307
4.788	1	1.00716	-0.0016732
4.797	1	1.00715	-0.00167327
4.806	1	1.00713	-0.00167327
4.815	1	1.00712	-0.00167321
4.824	1	1.0071	-0.0016731
4.833	1	1.00709	-0.00167292
4.842	1	1.00707	-0.00167269
4.851	1	1.00706	-0.0016724
4.86	1	1.00704	-0.00167205
4.869	1	1.00702	-0.00167164
4.878	1	1.00701	-0.00167118
4.887	1	1.00699	-0.00167067
4.896	1	1.00698	-0.0016701
4.905	1	1.00696	-0.00166948
4.914	1	1.00695	-0.00166881
4.923	1	1.00693	-0.00166808
4.932	1	1.00692	-0.00166731
4.941	1	1.0069	-0.00166649
4.95	1	1.00689	-0.00166561
4.959	1	1.00687	-0.00166469
4.968	1	1.00686	-0.00166372
4.977	1	1.00684	-0.0016627
4.986	1	1.00683	-0.00166164
4.995	1	1.00681	-0.00166053
5.004	1	1.0068	-0.00165937
5.013	1	1.00679	-0.00165818
5.022	1	1.00677	-0.00165693
5.031	1	1.00676	-0.00165565
5.04	1	1.00674	-0.00165432
5.049	1	1.00673	-0.00165295
5.058	1	1.00671	-0.00165154
5.067	1	1.0067	-0.00165009
5.076	1	1.00668	-0.00164859
5.085	1	1.00667	-0.00164706
5.094	1	1.00665	-0.00164549
5.103	1	1.00664	-0.00164388
5.112	1	1.00662	-0.00164224
5.121	1	1.00661	-0.00164056
5.13	1	1.00659	-0.00163884
5.139	1	1.00658	-0.00163708
5.148	1	1.00656	-0.00163529
5.157	1	1.00655	-0.00163347
5.166	1	1.00653	-0.00163161
5.175	1	1.00652	-0.00162971
5.184	1	1.0065	-0.00162779
5.193	1	1.00649	-0.00162583
5.202	1	1.00647	-0.00162384
5.211	1	1.00646	-0.00162181
5.22	1	1.00645	-0.00161976
5.229	1	1.00643	-0.00161768
5.238	1	1.00642	-0.00161556
5.247	1	1.0064	-0.00161342
5.256	1	1.00639	-0.00161125
5.265	1	1.00637	-0.00160905
5.274	1	1.00636	-0.00160682
5.283	1	1.00634	-0.00160456
5.292	1	1.00633	-0.00160228
5.301	1	1.00632	-0.00159997
5.31	1	1.0063	-0.00159763
5.319	1	1.00629	-0.00159527
5.328	1	1.00627	-0.00159288
5.337	1	1.00626	-0.00159047
5.346	1	1.00624	-0.00158803
5.355	1	1.00623	-0.00158557
5.364	1	1.00622	-0.00158309
5.373	1	1.0062	-0.00158058
5.382	1	1.00619	-0.00157805
5.391	1	1.00617	-0.0015755
5.4	1	1.00616	-0.00157292
5.409	1	1.00614	-0.00157033
5.418	1	1.00613	-0.00156771
5.427	1	1.00612	-0.00156508
5.436	1	1.0061	-0.00156242
5.445	1	1.00609	-0.00155974
5.454	1	1.00607	-0.00155704
5.463	1	1.00606	-0.00155433
5.472	1	1.00605	-0.00155159
5.481	1	1.00603	-0.00154884
5.49	1	1.00602	-0.00154607
5.499	1	1.006	-0.00154328
5.508	1	1.00599	-0.00154048
5.517	1	1.00598	-0.00153765
5.526	1	1.00596	-0.00153481
5.535	1	1.00595	-0.00153196
5.544	1	1.00594	-0.00152909
5.553	1	1.00592	-0.0015262
5.562	1	1.00591	-0.0015233
5.571	1	1.00589	-0.00152038
5.58	1	1.00588	-0.00151745
5.589	1	1.00587	-0.0015145
5.598	1	1.00585	-0.00151154
5.607	1	1.00584	-0.00150857
5.616	1	1.00583	-0.00150558
5.625	1	1.00581	-0.00150258
5.634	1	1.0058	-0.00149957
5.643	1	1.00579	-0.00149654
5.652	1	1.00577	-0.00149351
5.661	1	1.00576	-0.00149046
5.67	1	1.00575	-0.0014874
5.679	1	1.00573	-0.00148433
5.688	1	1.00572	-0.00148124
5.697	1	1.00571	-0.00147815
5.706	1	1.00569	-0.00147504
5.715	1	1.00568	-0.00147193
5.724	1	1.00567	-0.00146881
5.733	1	1.00565	-0.00146567
5.742	1	1.00564	-0.00146253
5.751	1	1.00563	-0.00145938
5.76	1	1.00561	-0.00145622
5.769	1	1.0056	-0.00145305
5.778	1	1.00559	-0.00144987
5.787	1	1.00557	-0.00144668
5.796	1	1.00556	-0.00144349
5.805	1	1.00555	-0.00144029
5.814	1	1.00553	-0.00143708
5.823	1	1.00552	-0.00143386
5.832	1	1.00551	-0.00143064
5.841	1	1.0055	-0.00142741
5.85	1	1.00548	-0.00142417
5.859	1	1.00547	-0.00142093
5.868	1	1.00546	-0.00141768
5.877	1	1.00545	-0.00141443
5.886	1	1.00543	-0.00141117
5.895	1	1.00542	-0.0014079
5.904	1	1.00541	-0.00140463
5.913	1	1.00539	-0.00140136
5.922	1	1.00538	-0.00139808
5.931	1	1.00537	-0.00139479
5.94	1	1.00536	-0.0013915
5.949	1	1.00534	-0.00138821
5.958	1	1.00533	-0.00138491
5.967	1	1.00532	-0.00138161
5.976	1	1.00531	-0.0013783
5.985	1	1.00529	-0.001375
5.994	1	1.00528	-0.00137168
6.003	1	1.00527	-0.00136837
6.012	1	1.00526	-0.00136505
6.021	1	1.00525	-0.00136173
6.03	1	1.00523	-0.00135841
6.039	1	1.00522	-0.00135508
6.048	1	1.00521	-0.00135175
6.057	1	1.0052	-0.00134842
6.066	1	1.00518	-0.00134509
6.075	1	1.00517	-0.00134176
6.084	1	1.00516	-0.00133842
6.093	1	1.00515	-0.00133509
6.102	1	1.00514	-0.00133175
6.111	1	1.00512	-0.00132841
6.12	1	1.00511	-0.00132507
6.129	1	1.0051	-0.00132173
6.138	1	1.00509	-0.00131839
6.147	1	1.00508	-0.00131505
6.156	1	1.00507	-0.0013117
6.165	1	1.00505	-0.00130836
6.174	1	1.00504	-0.00130502
6.183	1	1.00503	-0.00130168
6.192	1	1.00502	-0.00129833
6.201	1	1.00501	-0.00129499
6.21	1	1.005	-0.00129165
6.219	1	1.00498	-0.00128831
6.228	1	1.00497	-0.00128497
6.237	1	1.00496	-0.00128163
6.246	1	1.00495	-0.00127829
6.255	1	1.00494	-0.00127495
6.264	1	1.00493	-0.00127162
6.273	1	1.00491	-0.00126828
6.282	1	1.0049	-0.00126495
6.291	1	1.00489	-0.00126161
6.3	1	1.00488	-0.00125828
6.309	1	1.00487	-0.00125495
6.318	1	1.00486	-0.00125163
6.327	1	1.00485	-0.0012483
6.336	1	1.00484	-0.00124498
6.345	1	1.00482	-0.00124166
6.354	1	1.00481	-0.00123834
6.363	1	1.0048	-0.00123502
6.372	1	1.00479	-0.00123171
6.381	1	1.00478	-0.0012284
6.39	1	1.00477	-0.00122509
6.399	1	1.00476	-0.00122178
6.408	1	1.00475	-0.00121848
6.417	1	1.00474	-0.00121518
6.426	1	1.00473	-0.00121188
6.435	1	1.00471	-0.00120859
6.444	1	1.0047	-0.0012053
6.453	1	1.00469	-0.00120201
6.462	1	1.00468	-0.00119873
6.471	1	1.00467	-0.00119545
6.48	1	1.00466	-0.00119217
6.489	1	1.00465	-0.0011889
6.498	1	1.00464	-0.00118563
6.507	1	1.00463	-0.00118236
6.516	1	1.00462	-0.0011791
6.525	1	1.00461	-0.00117585
6.534	1	1.0046	-0.00117259
6.543	1	1.00459	-0.00116934
6.552	1	1.00458	-0.0011661
6.561	1	1.00457	-0.00116286
6.57	1	1.00455	-0.00115962
6.579	1	1.00454	-0.00115639
6.588	1	1.00453	-0.00115316
6.597	1	1.00452	-0.00114994
6.606	1	1.00451	-0.00114672
6.615	1	1.0045	-0.0011435
6.624	1	1.00449	-0.0011403
6.633	1	1.00448	-0.00113709
6.642	1	1.00447	-0.00113389
6.651	1	1.00446	-0.0011307
6.66	1	1.00445	-0.00112751
6.669	1	1.00444	-0.00112432
6.678	1	1.00443	-0.00112114
6.687	1	1.00442	-0.00111797
6.696	1	1.00441	-0.0011148
6.705	1	1.0044	-0.00111164
6.714	1	1.00439	-0.00110848
6.723	1	1.00438	-0.00110533
6.732	1	1.00437	-0.00110218
6.741	1	1.00436	-0.00109904
6.75	1	1.00435	-0.0010959
6.759	1	1.00434	-0.00109277
6.768	1	1.00433	-0.00108964
6.777	1	1.00432	-0.00108652
6.786	1	1.00431	-0.00108341
6.795	1	1.0043	-0.0010803
6.804	1	1.00429	-0.0010772
6.813	1	1.00428	-0.0010741
6.822	1	1.00427	-0.00107101
6.831	1	1.00426	-0.00106793
6.84	1	1.00425	-0.00106485
6.849	1	1.00425	-0.00106177
6.858	1	1.00424	-0.00105871
6.867	1	1.00423	-0.00105565
6.876	1	1.00422	-0.00105259
6.885	1	1.00421	-0.00104954
6.894	1	1.0042	-0.0010465
6.903	1	1.00419	-0.00104347
6.912	1	1.00418	-0.00104044
6.921	1	1.00417	-0.00103741
6.93	1	1.00416	-0.0010344
6.939	1	1.00415	-0.00103139
6.948	1	1.00414	-0.00102838
6.957	1	1.00413	-0.00102538
6.966	1	1.00412	-0.00102239
6.975	1	1.00411	-0.00101941
6.984	1	1.00411	-0.00101643
6.993	1	1.0041	-0.00101346
7.002	1	1.00409	-0.00101049
7.011	1	1.00408	-0.00100754
7.02	1	1.00407	-0.00100458
7.029	1	1.00406	-0.00100164
7.038	1	1.00405	-0.0009987
7.047	1	1.00404	-0.000995768
7.056	1	1.00403	-0.000992843
7.065	1	1.00402	-0.000989925
7.074	1	1.00402	-0.000987013
7.083	1	1.00401	-0.000984109
7.092	1	1.004	-0.000981211
7.101	1	1.00399	-0.00097832
7.11	1	1.00398	-0.000975435
7.119	1	1.00397	-0.000972558
7.128	1	1.00396	-0.000969688
7.137	1	1.00395	-0.000966824
7.146	1	1.00395	-0.000963968
7.155	1	1.00394	-0.000961118
7.164	1	1.00393	-0.000958275
7.173	1	1.00392	-0.00095544
7.182	1	1.00391	-0.000952611
7.191	1	1.0039	-0.000949789
7.2	1	1.00389	-0.000946975
7.209	1	1.00389	-0.000944167
7.218	1	1.00388	-0.000941366
7.227	1	1.00387	-0.000938573
7.236	1	1.00386	-0.000935787
7.245	1	1.00385	-0.000933007
7.254	1	1.00384	-0.000930235
7.263	1	1.00383	-0.00092747
7.272	1	1.00383	-0.000924712
7.281	1	1.00382	-0.000921961
7.29	1	1.00381	-0.000919218
7.299	1	1.0038	-0.000916481
7.308	1	1.00379	-0.000913752
7.317	1	1.00379	-0.00091103
7.326	1	1.00378	-0.000908315
7.335	1	1.00377	-0.000905607
7.344	1	1.00376	-0.000902906
7.353	1	1.00375	-0.000900213
7.362	1	1.00374	-0.000897526
7.371	1	1.00374	-0.000894847
7.38	1	1.00373	-0.000892176
7.389	1	1.00372	-0.000889511
7.398	1	1.00371	-0.000886854
7.407	1	1.0037	-0.000884204
7.416	1	1.0037	-0.000881561
7.425	1	1.00369	-0.000878925
7.434	1	1.00368	-0.000876297
7.443	1	1.00367	-0.000873676
7.452	1	1.00366	-0.000871062
7.461	1	1.00366	-0.000868455
7.47	1	1.00365	-0.000865856
7.479	1	1.00364	-0.000863264
7.488	1	1.00363	-0.000860679
7.497	1	1.00363	-0.000858101
7.506	1	1.00362	-0.000855531
7.515	1	1.00361	-0.000852968
7.524	1	1.0036	-0.000850412
7.533	1	1.0036	-0.000847863
7.542	1	1.00359	-0.000845322
7.551	1	1.00358	-0.000842788
7.56	1	1.00357	-0.000840261
7.569	1	1.00357	-0.000837741
7.578	1	1.00356	-0.000835229
7.587	1	1.00355	-0.000832724
7.596	1	1.00354	-0.000830226
7.605	1	1.00354	-0.000827735
7.614	1	1.00353	-0.000825252
7.623	1	1.00352	-0.000822776
7.632	1	1.00351	-0.000820307
7.641	1	1.00351	-0.000817845
7.65	1	1.0035	-0.000815391
7.659	1	1.00349	-0.000812944
7.668	1	1.00348	-0.000810504
7.677	1	1.00348	-0.000808071
7.686	1	1.00347	-0.000805645
7.695	1	1.00346	-0.000803227
7.704	1	1.00345	-0.000800816
7.713	1	1.00345	-0.000798411
7.722	1	1.00344	-0.000796015
7.731	1	1.00343	-0.000793625
7.74	1	1.00343	-0.000791242
7.749	1	1.00342	-0.000788867
7.758	1	1.00341	-0.000786499
7.767	1	1.0034	-0.000784138
7.776	1	1.0034	-0.000781784
7.785	1	1.00339	-0.000779437
7.794	1	1.00338	-0.000777098
7.803	1	1.00338	-0.000774765
7.812	1	1.00337	-0.00077244
7.821	1	1.00336	-0.000770121
7.83	1	1.00336	-0.00076781
7.839	1	1.00335	-0.000765506
7.848	1	1.00334	-0.000763209
7.857	1	1.00334	-0.000760919
7.866	1	1.00333	-0.000758636
7.875	1	1.00332	-0.00075636
7.884	1	1.00332	-0.000754091
7.893	1	1.00331	-0.00075183
7.902	1	1.0033	-0.000749575
7.911	1	1.00329	-0.000747327
7.92	1	1.00329	-0.000745086
7.929	1	1.00328	-0.000742852
7.938	1	1.00327	-0.000740625
7.947	1	1.00327	-0.000738406
7.956	1	1.00326	-0.000736193
7.965	1	1.00325	-0.000733987
7.974	1	1.00325	-0.000731788
7.983	1	1.00324	-0.000729596
7.992	1	1.00324	-0.00072741
8.001	1	1.00323	-0.000725232
8.01	1	1.00322	-0.000723061
8.019	1	1.00322	-0.000720896
8.028	1	1.00321	-0.000718738
8.037	1	1.0032	-0.000716588
8.046	1	1.0032	-0.000714444
8.055	1	1.00319	-0.000712306
8.064	1	1.00318	-0.000710176
8.073	1	1.00318	-0.000708053
8.082	1	1.00317	-0.000705936
8.091	1	1.00316	-0.000703826
8.1	1	1.00316	-0.000701723
8.109	1	1.00315	-0.000699626
8.118	1	1.00315	-0.000697536
8.127	1	1.00314	-0.000695453
8.136	1	1.00313	-0.000693377
8.145	1	1.00313	-0.000691308
8.154	1	1.00312	-0.000689245
8.163	1	1.00311	-0.000687188
8.172	1	1.00311	-0.000685139
8.181	1	1.0031	-0.000683096
8.19	1	1.0031	-0.00068106
8.199	1	1.00309	-0.00067903
8.208	1	1.00308	-0.000677007
8.217	1	1.00308	-0.00067499
8.226	1	1.00307	-0.00067298
8.235	1	1.00307	-0.000670977
8.244	1	1.00306	-0.00066898
8.253	1	1.00305	-0.00066699
8.262	1	1.00305	-0.000665006
8.271	1	1.00304	-0.000663029
8.28	1	1.00304	-0.000661058
8.289	1	1.00303	-0.000659093
8.298	1	1.00302	-0.000657136
8.307	1	1.00302	-0.000655184
8.316	1	1.00301	-0.000653239
8.325	1	1.00301	-0.0006513
8.334	1	1.003	-0.000649368
8.343	1	1.00299	-0.000647442
8.352	1	1.00299	-0.000645523
8.361	1	1.00298	-0.00064361
8.37	1	1.00298	-0.000641703
8.379	1	1.00297	-0.000639803
8.388	1	1.00297	-0.000637908
8.397	1	1.00296	-0.000636021
8.406	1	1.00295	-0.000634139
8.415	1	1.00295	-0.000632264
8.424	1	1.00294	-0.000630394
8.433	1	1.00294	-0.000628532
8.442	1	1.00293	-0.000626675
8.451	1	1.00293	-0.000624824
8.46	1	1.00292	-0.00062298
8.469	1	1.00291	-0.000621142
8.478	1	1.00291	-0.00061931
8.487	1	1.0029	-0.000617484
8.496	1	1.0029	-0.000615664
8.505	1	1.00289	-0.000613851
8.514	1	1.00289	-0.000612043
8.523	1	1.00288	-0.000610242
8.532	1	1.00288	-0.000608446
8.541	1	1.00287	-0.000606657
8.55	1	1.00287	-0.000604874
8.559	1	1.00286	-0.000603096
8.568	1	1.00285	-0.000601325
8.577	1	1.00285	-0.000599559
8.586	1	1.00284	-0.0005978
8.595	1	1.00284	-0.000596046
8.604	1	1.00283	-0.000594299
8.613	1	1.00283	-0.000592557
8.622	1	1.00282	-0.000590821
8.631	1	1.00282	-0.000589091
8.64	1	1.00281	-0.000587367
8.649	1	1.00281	-0.000585649
8.658	1	1.0028	-0.000583936
8.667	1	1.0028	-0.00058223
8.676	1	1.00279	-0.000580529
8.685	1	1.00279	-0.000578834
8.694	1	1.00278	-0.000577144
8.703	1	1.00278	-0.000575461
8.712	1	1.00277	-0.000573783
8.721	1	1.00276	-0.000572111
8.73	1	1.00276	-0.000570444
8.739	1	1.00275	-0.000568784
8.748	1	1.00275	-0.000567128
8.757	1	1.00274	-0.000565479
8.766	1	1.00274	-0.000563835
8.775	1	1.00273	-0.000562197
8.784	1	1.00273	-0.000560564
8.793	1	1.00272	-0.000558937
8.802	1	1.00272	-0.000557316
8.811	1	1.00271	-0.0005557
8.82	1	1.00271	-0.000554089
8.829	1	1.0027	-0.000552484
8.838	1	1.0027	-0.000550885
8.847	1	1.00269	-0.000549291
8.856	1	1.00269	-0.000547702
8.865	1	1.00268	-0.000546119
8.874	1	1.00268	-0.000544541
8.883	1	1.00267	-0.000542969
8.892	1	1.00267	-0.000541402
8.901	1	1.00266	-0.000539841
8.91	1	1.00266	-0.000538285
8.919	1	1.00266	-0.000536734
8.928	1	1.00265	-0.000535188
8.937	1	1.00265	-0.000533648
8.946	1	1.00264	-0.000532113
8.955	1	1.00264	-0.000530584
8.964	1	1.00263	-0.000529059
8.973	1	1.00263	-0.00052754
8.982	1	1.00262	-0.000526027
8.991	1	1.00262	-0.000524518
9	1	1.00261	-0.000523014
